FANN_FLO_2.1
num_layers=3
learning_rate=0.700000
connection_rate=1.000000
network_type=0
learning_momentum=0.000000
training_algorithm=2
train_error_function=1
train_stop_function=1
cascade_output_change_fraction=0.010000
quickprop_decay=-0.000100
quickprop_mu=1.750000
rprop_increase_factor=1.200000
rprop_decrease_factor=0.500000
rprop_delta_min=0.000000
rprop_delta_max=50.000000
rprop_delta_zero=0.100000
cascade_output_stagnation_epochs=12
cascade_candidate_change_fraction=0.010000
cascade_candidate_stagnation_epochs=12
cascade_max_out_epochs=150
cascade_min_out_epochs=50
cascade_max_cand_epochs=150
cascade_min_cand_epochs=50
cascade_num_candidate_groups=2
bit_fail_limit=9.99999977648258210000e-003
cascade_candidate_limit=1.00000000000000000000e+003
cascade_weight_multiplier=4.00000005960464480000e-001
cascade_activation_functions_count=10
cascade_activation_functions=3 5 7 8 10 11 14 15 16 17 
cascade_activation_steepnesses_count=4
cascade_activation_steepnesses=2.50000000000000000000e-001 5.00000000000000000000e-001 7.50000000000000000000e-001 1.00000000000000000000e+000 
layer_sizes=3 4 2 
scale_included=0
neurons (num_inputs, activation_function, activation_steepness)=(0, 0, 0.00000000000000000000e+000) (0, 0, 0.00000000000000000000e+000) (0, 0, 0.00000000000000000000e+000) (3, 5, 1.00000000000000000000e+000) (3, 5, 1.00000000000000000000e+000) (3, 5, 1.00000000000000000000e+000) (0, 5, 1.00000000000000000000e+000) (4, 5, 1.00000000000000000000e+000) (0, 5, 1.00000000000000000000e+000) 
connections (connected_to_neuron, weight)=(0, 1.70899403095245360000e+000) (1, 1.59740400314331050000e+000) (2, 2.27065229415893550000e+000) (0, -2.20802211761474610000e+000) (1, 1.21783518791198730000e+000) (2, -1.12384474277496340000e+000) (0, 1.56226277351379390000e+000) (1, -2.20286273956298830000e+000) (2, -1.39679145812988280000e+000) (3, 2.37526488304138180000e+000) (4, 2.76714849472045900000e+000) (5, 2.83281898498535160000e+000) (6, 2.98460870981216430000e-001) 
